2I 480999  227061213 110527639 116533574  95278458  99817638  12721121  14081900    705364    718459   1822696   1915577   7297828   7329943  88371902  92900232  12459485  13801086    657800    671060   1740624   1831253
2I 480  0    3533692   1806338   1727354   1484917   1410291    269753    266588     16520     16339     35148     34136    187087    180958   1308369   1239589    262741    259777     15005     14854     33136     32176
2I 480  1    3269557   1674095   1595462   1378588   1305403    247650    243915     15365     14562     32492     31582    168208    160008   1219741   1154428    241485    237898     13993     13260     30668     29868
2I 480  2    3223816   1648044   1575772   1358331   1290771    242918    239280     14626     14347     32169     31374    165699    159251   1201799   1140368    236917    233426     13267     13054     30362     29673
2I 480  3    3179441   1625693   1553748   1338812   1272167    239843    235242     14782     14146     32256     32193    165061    159005   1182676   1121777    233931    229493     13488     12909     30537     30564
2I 480  4    3141748   1607839   1533909   1321207   1253457    239431    234578     14510     14078     32691     31796    161988    155908   1167815   1105666    233675    229301     13291     12852     31070     30182
2I 480  5    3162691   1618300   1544391   1332956   1264996    238138    233704     14220     13858     32986     31833    158585    152671   1182834   1120130    232508    228497     13094     12806     31279     30287
2I 480  6    3109095   1589501   1519594   1305093   1240250    237650    233696     14167     13940     32591     31708    152065    147134   1161138   1100953    232353    228526     13049     12860     30896     30121
2I 480  7    3273052   1672647   1600405   1370995   1304479    253067    248901     14889     14428     33696     32597    156284    149208   1223094   1163396    247620    243529     13723     13313     31926     30959
2I 480  8    3394998   1735956   1659042   1431140   1359408    256884    253370     14854     14442     33078     31822    153284    148014   1286017   1219250    251635    248252     13697     13333     31323     30193
2I 480  9    3760120   1922676   1837444   1593387   1513876    278937    274863     16052     15797     34300     32908    162737    157199   1439568   1365220    273082    269229     14835     14619     32454     31177
2I 480 10    3716530   1901610   1814920   1579700   1500311    272528    267543     15826     15498     33556     31568    157277    152547   1431011   1356081    266872    262069     14616     14312     31834     29911
2I 480 11    3580644   1828934   1751710   1521883   1450132    260574    256664     15390     15070     31087     29844    148068    144304   1381908   1313841    255107    251273     14307     13976     29544     28316
2I 480 12    3518982   1796333   1722649   1490256   1418835    260825    260309     15404     14893     29848     28612    144506    141128   1353788   1285790    255393    254783     14329     13827     28317     27121
2I 480 13    3643189   1856566   1786623   1539405   1473986    271759    269337     15748     15641     29654     27659    146028    143527   1401770   1338775    266059    263617     14637     14558     28072     26146
2I 480 14    3782784   1932778   1850006   1598524   1521758    287580    284026     16620     15902     30054     28320    151096    146517   1456059   1383759    281687    278122     15491     14812     28445     26796
2I 480 15    4059898   2069726   1990172   1720248   1646071    301250    297900     17609     17248     30619     28953    157826    153451   1571399   1501570    294930    291689     16485     16093     29086     27369
2I 480 16    4180875   2135125   2045750   1781169   1699930    304849    299744     17646     17039     31461     29037    162034    154708   1628340   1554134    298436    293512     16465     15909     29850     27487
2I 480 17    4225203   2161413   2063790   1807223   1718068    304958    299665     17583     16700     31649     29357    167725    156909   1648626   1570050    298597    293565     16413     15523     30052     27743
2I 480 18    4268279   2168417   2099862   1821686   1753689    297789    300122     16562     16282     32380     29769    166948    153302   1664049   1609285    291302    293931     15367     15141     30751     28203
2I 480 19    4491919   2273785   2218134   1916863   1858253    305077    310647     17025     16771     34820     32463    174334    161380   1752006   1706226    298494    304225     15799     15535     33152     30768
2I 480 20    4441491   2249889   2191602   1900628   1837835    297396    304450     16782     16131     35083     33186    173908    158621   1736333   1688292    290826    298146     15547     15058     33275     31485
2I 480 21    4336802   2190710   2146092   1860034   1805365    280178    292147     15519     15180     34979     33400    166415    152722   1702616   1661402    273906    286051     14413     14150     33360     31767
2I 480 22    4325736   2181956   2143780   1860281   1808207    271707    286578     14649     13932     35319     35063    166162    153867   1702946   1663213    265789    280519     13468     12843     33591     33338
2I 480 23    4233449   2126407   2107042   1817056   1776000    260243    280742     14363     14297     34745     36003    161471    151875   1664292   1632828    254240    274822     13268     13221     33136     34296
2I 480 24    4191833   2103382   2088451   1799322   1758039    254140    277908     14591     14926     35329     37578    159498    150170   1648446   1616478    248289    272109     13469     13838     33680     35856
2I 480 25    4143282   2076708   2066574   1781102   1743030    245067    269711     12594     12457     37945     41376    155035    146485   1634425   1604820    239474    264288     11623     11553     36151     39428
2I 480 26    4002025   2000887   2001138   1721841   1692861    229483    254177     12329     12514     37234     41586    145083    139420   1584221   1561720    224602    248846     11424     11580     35557     39572
2I 480 27    3953330   1971593   1981737   1699256   1677520    221371    248172     12660     12964     38306     43081    139898    136571   1566776   1549091    216634    242979     11721     12029     36564     41067
2I 480 28    3727624   1857478   1870146   1603098   1583268    206277    233982     11958     12233     36145     40663    128171    126028   1481810   1464573    201841    229200     11101     11425     34555     38920
2I 480 29    3803057   1896546   1906511   1629187   1605379    216304    243662     12702     13291     38353     44179    133096    130316   1503130   1482775    211672    238724     11858     12412     36790     42284
2I 480 30    3741856   1860849   1881007   1600796   1585395    207958    236045     11704     12246     40391     47321    126530    126472   1480904   1466380    203666    231301     10973     11492     38776     45362
2I 480 31    3622363   1795185   1827178   1556036   1551871    189504    218543     11157     11668     38488     45096    116284    117895   1445936   1440989    185618    214128     10441     10946     36906     43220
2I 480 32    3726679   1846921   1879758   1617294   1615258    181254    209572     10890     11292     37483     43636    113847    116437   1509298   1505477    177599    205386     10204     10606     35973     41852
2I 480 33    3667742   1818047   1849695   1606648   1605291    165362    192559     10345     10658     35692     41187    107003    110164   1505222   1501563    162003    188658      9654      9953     34165     39357
2I 480 34    2870693   1421149   1449544   1236512   1236381    145240    169473      8856      8978     30541     34712     96485     99485   1145150   1142729    142006    165693      8268      8407     29240     33230
2I 480 35    2912301   1439980   1472321   1255604   1258428    145104    170333      8973      9635     30299     33925     93443     95932   1167076   1168160    141985    166727      8434      9065     29042     32437
2I 480 36    2939172   1449212   1489960   1273521   1284803    137761    163964      8682      9112     29248     32081     86508     92007   1191508   1198310    134892    160376      8194      8579     28110     30688
2I 480 37    2992341   1474375   1517966   1298540   1313815    139505    165268      8319      8600     28011     30283     83139     88988   1219624   1230016    136833    161793      7852      8125     26927     29044
2I 480 38    2606751   1280832   1325919   1122712   1140060    124297    150031      7739      7925     26084     27903     76149     80623   1050534   1064182    121727    146921      7318      7472     25104     26721
2I 480 39    2559495   1261112   1298383   1099218   1111429    127532    151787      7851      7779     26511     27388     77662     80879   1025723   1035262    124832    148633      7410      7348     25485     26261
2I 480 40    2473653   1214733   1258920   1055582   1073964    126074    150696      7612      7983     25465     26277     76405     80034    983363    998771    123269    147433      7230      7534     24466     25148
2I 480 41    2380218   1168649   1211569   1023548   1043040    114495    137424      7048      7247     23558     23858     69928     74659    957395    972820    112063    134379      6677      6851     22586     22860
2I 480 42    2329179   1143036   1186143   1000339   1019521    113473    136587      6724      6998     22500     23037     68585     72661    935336    951019    111142    133713      6379      6633     21594     22117
2I 480 43    2239866   1094389   1145477    958996    986623    107721    129908      6371      6744     21301     22202     65124     70243    897363    920296    105379    127229      6054      6392     20469     21317
2I 480 44    2264855   1105556   1159299    967004    995995    111855    134807      6147      6640     20550     21857     65206     69887    905232    930104    109524    131957      5842      6314     19752     21037
2I 480 45    2244042   1095549   1148493    961308    990111    108818    130914      6210      6285     19213     21183     64014     67883    900598    925922    106521    128309      5904      5941     18512     20438
2I 480 46    2140654   1041580   1099074    915279    945874    102915    126421      5711      6127     17675     20652     59361     64016    858966    885543    100818    123765      5422      5802     17013     19948
2I 480 47    2223956   1078135   1145821    946191    986917    108844    131818      5642      6198     17458     20888     58971     64405    890374    926061    106635    129261      5355      5885     16800     20209
2I 480 48    2164558   1052336   1112222    936219    970673     95268    117045      5093      5607     15756     18897     57440     60214    881427    913442     93395    114888      4857      5346     15217     18332
2I 480 49    2321948   1125969   1195979   1000809   1044615    103450    125402      5304      5940     16406     20022     60476     64931    943216    983099    101410    122949      5048      5636     15819     19364
2I 480 50    2347522   1134752   1212770   1007196   1056482    106563    130774      5376      5783     15617     19731     59470     64668    950548    995228    104562    128305      5094      5486     15078     19083
2I 480 51    2295417   1106128   1189289    987911   1043068     98381    122282      5079      5426     14757     18513     55704     60361    934762    985996     96569    119871      4824      5150     14269     17911
2I 480 52    2363351   1136887   1226464   1016142   1077811    101239    125198      4995      5317     14511     18138     53798     57986    964930   1022918     99385    122933      4744      5057     14030     17570
2I 480 53    2337292   1119359   1217933   1001971   1072958     98769    122477      4768      5100     13851     17398     50931     56215    953510   1019797     96991    120260      4531      4837     13396     16824
2I 480 54    2367687   1124748   1242939   1003730   1093928    102411    127005      4765      4988     13842     17018     50187     55077    955958   1041846    100674    124860      4532      4721     13397     16435
2I 480 55    2390498   1130348   1260150   1012900   1116756     99055    122389      4648      5191     13745     15814     47947     53203    967303   1066354     97368    120340      4402      4949     13328     15304
2I 480 56    2329835   1102475   1227360    990309   1092019     94753    115507      4401      4902     13012     14932     46242     48981    946171   1045750     93230    113507      4186      4673     12646     14449
2I 480 57    2312770   1091650   1221120    977162   1083873     97030    118187      4412      4710     13046     14350     43985     47497    935296   1039079     95455    116224      4211      4472     12703     13848
2I 480 58    2330392   1099807   1230585    993282   1103480     90086    109407      4155      4374     12284     13324     41301     44850    953876   1061013     88694    107577      3969      4196     11967     12949
2I 480 59    2251924   1057739   1194185    954905   1069590     87583    107402      3855      4249     11396     12944     37719     42644    919003   1029307     86257    105661      3673      4050     11087     12523
2I 480 60    2160949   1009988   1150961    904351   1021995     91020    112399      3777      4125     10840     12442     36002     40572    870248    983840     89589    110580      3613      3946     10536     12023
2I 480 61    2073764    963777   1109987    870936    995766     80042     99332      3307      3708      9492     11181     30502     35948    842003    961846     78868     97801      3168      3559      9236     10833
2I 480 62    2008093    930934   1077159    844008    968554     74630     94386      3108      3494      9188     10725     28926     34152    816599    936342     73527     92937      2963      3347      8919     10381
2I 480 63    1931425    889124   1042301    807131    938031     70433     90858      2922      3295      8638     10117     25969     31658    782621    908253     69399     89464      2773      3150      8362      9776
2I 480 64    1913403    876082   1037321    794308    933258     70316     90685      2896      3287      8562     10091     25804     31436    769834    903568     69349     89363      2769      3160      8326      9794
2I 480 65    1904641    862271   1042370    777270    932550     73725     96641      2718      3534      8558      9645     25494     32003    753165    902493     72718     95183      2628      3392      8266      9299
2I 480 66    1813987    814405    999582    736398    897769     67418     89794      2553      3224      8036      8795     24235     30752    713452    868795     66552     88455      2454      3097      7712      8483
2I 480 67    1763637    784377    979260    705991    876536     67568     90974      2608      3151      8210      8599     23014     29741    684313    848521     66685     89668      2502      3029      7863      8301
2I 480 68    1678740    740110    938630    669854    847054     59978     81112      2478      2807      7800      7657     21762     27926    649396    820702     59157     79947      2365      2688      7430      7367
2I 480 69    1621476    701792    919684    627502    821272     63961     88171      2490      2747      7839      7494     21043     27713    607885    795031     63097     87057      2358      2643      7409      7240
2I 480 70    1516900    653456    863444    587589    777373     56472     77084      2043      2519      7352      6468     19170     24636    569551    754146     55817     75985      1963      2420      6955      6257
2I 480 71    1439723    612074    827649    554369    751928     49033     67322      1886      2354      6786      6045     17762     22941    537643    730177     48452     66434      1810      2258      6407      5839
2I 480 72    1371235    576737    794498    521881    721260     46680     65506      1779      2168      6397      5564     17101     21604    505768    700711     46127     64715      1706      2084      6035      5384
2I 480 73    1261994    520827    741167    472731    674269     40766     59647      1595      2033      5735      5218     15686     20195    457960    655041     40268     58890      1525      1966      5388      5075
2I 480 74    1208272    490453    717819    441479    650241     41873     60547      1545      1971      5556      5060     15035     19333    427294    631854     41382     59833      1485      1897      5257      4902
2I 480 75    1116769    447166    669603    403670    608207     37092     54867      1486      1778      4918      4751     13840     18216    390607    590788     36666     54268      1414      1704      4639      4627
2I 480 76    1034257    404089    630168    364504    572783     33761     51309      1351      1655      4473      4421     12795     16467    352412    557062     33351     50736      1291      1590      4240      4313
2I 480 77     955246    365273    589973    329502    536955     30520     47392      1218      1532      4033      4094     11612     14915    318536    522794     30132     46804      1165      1470      3828      3990
2I 480 78     879733    330715    549018    298658    500726     27372     43116      1087      1409      3598      3767     10275     13455    288923    487864     27073     42643      1038      1364      3406      3692
2I 480 79     807717    300418    507299    271976    464093     24315     38480       957      1287      3170      3439     10446     14369    262107    450400     23979     37943       908      1235      2978      3352
2I 480 80     723049    260833    462216    235391    422875     21903     35030       832      1075      2707      3236      7647     10280    228172    413032     21647     34690       797      1034      2570      3180
2I 480 81     640276    224125    416151    206100    387122     15156     25341       674       921      2195      2767      5989      8407    200408    379064     15000     25068       646       889      2082      2723
2I 480 82     566548    197006    369542    180948    343433     13807     22916       529       797      1722      2396      4981      7199    176174    336567     13684     22651       512       769      1655      2356
2I 480 83     527982    179355    348627    164769    324147     12658     21593       453       721      1475      2166      4574      6836    160458    317625     12491     21349       434       692      1398      2125
2I 480 84     477178    157908    319270    144692    296084     11584     20386       384       699      1248      2101      4190      6403    140720    289939     11446     20183       368       676      1184      2069
2I 480 85     419321    138280    281041    126038    259840     10804     18854       424       656      1014      1691      3767      5462    122474    254636     10666     18647       405       633       968      1663
2I 480 86     365270    117534    247736    107485    229079      8863     16582       351       582       835      1493      3205      4815    104446    224492      8749     16401       336       561       798      1467
2I 480 87     311305     97911    213394     89718    197539      7210     14091       291       495       692      1269      2672      4150     87181    193583      7117     13937       279       477       662      1247
2I 480 88     259275     79483    179792     72839    166615      5806     11721       248       409       590      1047      2170      3497     70779    163279      5731     11593       238       394       565      1029
2I 480 89     211461     63076    148385     57772    137600      4564      9605       219       331       521       849      1721      2887     56138    134845      4505      9500       211       319       501       834
2I 480 90     170350     49553    120797     45296    112015      3587      7828       198       268       472       686      1351      2351     44015    109772      3541      7742       191       258       455       674
2I 480 91     134404     38331     96073     34877     88979      2873      6327       172       215       409       552      1042      1869     33891     87197      2836      6258       167       207       395       542
2I 480 92     103690     28927     74763     26225     69131      2260      5035       131       168       311       429       786      1453     25483     67747      2231      4980       127       162       300       421
2I 480 93      78317     21224     57093     19192     52652      1738      3997        87       125       207       319       576      1109     18649     51598      1716      3953        84       120       199       313
2I 480 94      58138     15287     42851     13760     39400      1335      3132        57        90       135       229       414       831     13371     38611      1318      3098        55        86       129       225
2I 480 95      41990     10817     31173      9597     28533      1080      2413        41        64        99       163       291       604      9326     27962      1066      2387        39        61        95       159
2I 480 96      29480      7444     22036      6482     20034       859      1836        30        47        73       119       199       426      6299     19633       848      1816        29        45        69       116
2I 480 97      20179      4999     15180      4280     13682       657      1378        18        34        44        86       133       292      4159     13408       649      1363        17        33        41        84
2I 480 98      13592      3356     10236      2832      9114       484      1030        12        26        28        66        89       197      2752      8931       478      1019        11        25        26        64
2I 480 99       9291      2369      6922      1984      6068       363       775         7        22        15        57        62       133      1928      5946       358       767         7        21        14        55
2I 480100      14004      2934     11070      2221      9412       629      1560        25        28        59        70        75       209      2158      9224       621      1543        24        26        56        68
2I 780999  227726463 110859060 116867403  95510072 100045476  12761599  14128494    711349    724579   1876040   1968854   7439132   7448289  88473580  93019906  12492488  13841422    662624    676122   1791236   1881664
2I 780  0    3559857   1819959   1739898   1495264   1419273    271131    268501     16610     16402     36954     35722    185704    178588   1319816   1250664    264308    261856     15204     15031     34927     33759
2I 780  1    3315535   1697003   1618532   1397028   1323771    250498    247207     15605     14722     33872     32832    172061    164328   1234635   1168766    244131    241012     14188     13374     31988     31052
2I 780  2    3210169   1641032   1569137   1350584   1283788    242344    238321     14834     14502     33270     32526    165914    159130   1194007   1133656    236241    232390     13449     13181     31421     30780
2I 780  3    3238099   1656800   1581299   1363097   1293631    245634    240118     14871     14345     33198     33205    167290    161084   1204996   1141417    239575    234216     13533     13069     31406     31513
2I 780  4    3127524   1599421   1528103   1314151   1248033    237173    233479     14706     14128     33391     32463    164598    158325   1158411   1098115    231252    227990     13439     12865     31721     30808
2I 780  5    3179868   1627209   1552659   1338737   1270352    240763    236067     14239     13901     33470     32339    161300    155208   1186096   1123137    234976    230767     13082     12798     31755     30749
2I 780  6    3110507   1590999   1519508   1307600   1241525    236067    231679     14089     13844     33243     32460    154493    149462   1161402   1099978    230626    226448     12959     12762     31519     30858
2I 780  7    3247691   1660137   1587554   1359041   1292853    251527    247368     14893     14439     34676     32894    157928    151038   1209677   1150103    245961    241893     13702     13302     32869     31218
2I 780  8    3328772   1702308   1626464   1400210   1329071    253530    250322     14718     14300     33850     32771    153458    147641   1254990   1189378    248237    245151     13547     13175     32076     31119
2I 780  9    3735515   1910761   1824754   1579183   1499299    280091    275621     16115     15870     35372     33964    163706    158167   1424518   1349791    274198    269952     14865     14662     33474     32182
2I 780 10    3729085   1908606   1820479   1589421   1508969    269078    263566     16083     15708     34024     32236    161592    156347   1436755   1361201    263209    257926     14834     14493     32216     30512
2I 780 11    3604713   1840223   1764490   1526507   1456196    265305    261502     15492     15234     32919     31558    151038    147055   1383774   1317308    259725    256058     14370     14099     31316     29970
2I 780 12    3526994   1800779   1726215   1493625   1422085    260410    259328     15512     14959     31232     29843    146130    142461   1355621   1287798    254934    253772     14422     13873     29672     28311
2I 780 13    3626046   1848204   1777842   1532528   1466556    269239    267074     15748     15591     30689     28621    146800    144300   1394199   1330673    263498    261307     14625     14491     29082     27071
2I 780 14    3749497   1915400   1834097   1583052   1507325    284782    281741     16433     15824     31133     29207    151327    146883   1440459   1369058    278847    275785     15285     14721     29482     27650
2I 780 15    3998828   2038599   1960229   1690609   1618079    298854    295372     17539     17095     31597     29683    158241    153905   1541450   1473237    292497    289100     16400     15926     30011     28061
2I 780 16    4170006   2130433   2039573   1774678   1692448    305445    300070     17700     17153     32610     29902    162588    156002   1621455   1545546    298906    293707     16509     16008     30975     28310
2I 780 17    4226453   2163272   2063181   1807010   1716229    305521    299826     17801     16851     32940     30275    169240    158650   1647130   1566654    299014    293595     16603     15662     31285     28620
2I 780 18    4244663   2155775   2088888   1808561   1742607    296979    299215     16776     16345     33459     30721    168280    155026   1649736   1596637    290413    292944     15565     15186     31781     29095
2I 780 19    4525422   2291092   2234330   1930272   1871261    307285    312614     17230     16949     36305     33506    177542    163965   1762554   1716925    300469    306012     15964     15682     34563     31746
2I 780 20    4424063   2240306   2183757   1892210   1829821    295343    303714     16989     16350     35764     33872    178050    162129   1724078   1677114    288575    297214     15719     15215     33884     32085
2I 780 21    4346975   2196102   2150873   1860748   1806745    283302    294236     15790     15389     36262     34503    170481    155411   1699660   1660337    276789    287983     14638     14352     34534     32790
2I 780 22    4315203   2177462   2137741   1856908   1803476    269828    284607     14807     14132     35919     35526    169566    155765   1696467   1656819    263695    278390     13610     13035     34124     33732
2I 780 23    4305761   2163318   2142443   1848538   1805594    264132    284909     14278     14125     36370     37815    166110    155070   1691433   1659539    257974    278805     13147     13026     34654     36003
2I 780 24    4197947   2107697   2090250   1801277   1758231    255379    278585     14790     15097     36251     38337    164032    153409   1646228   1613777    249271    272556     13633     13970     34533     36538
2I 780 25    4159474   2085749   2073725   1787108   1747529    247003    270936     13026     13039     38612     42221    160128    150184   1635756   1605932    241124    265309     11994     12079     36747     40221
2I 780 26    4043432   2022319   2021113   1739055   1706973    232574    258566     12152     12307     38538     43267    149908    142515   1596976   1572919    227416    253113     11235     11377     36784     41189
2I 780 27    3972566   1982343   1990223   1705463   1683268    224565    249882     12722     13017     39593     44056    144610    140121   1568570   1551635    219629    244489     11759     12049     37775     41929
2I 780 28    3719108   1854712   1864396   1601709   1578491    204238    232175     11902     12141     36863     41589    130886    127930   1477901   1458085    199704    227301     11022     11314     35199     39766
2I 780 29    3897914   1943378   1954536   1669301   1646129    221121    249240     12829     13352     40127     45815    137176    133308   1539494   1520745    216281    244145     11940     12455     38487     43883
2I 780 30    3734297   1858467   1875830   1596847   1578898    208448    236532     12086     12695     41086     47705    130924    129502   1472880   1457125    203936    231632     11311     11888     39416     45683
2I 780 31    3648503   1808601   1839902   1565655   1560728    191706    220904     11235     11757     40005     46513    119658    120358   1452396   1447564    187671    216383     10507     11020     38369     44577
2I 780 32    3649482   1810011   1839471   1577307   1572826    183197    210903     10995     11409     38512     44333    116722    118364   1466692   1461312    179354    206574     10292     10710     36951     42511
2I 780 33    3872734   1918866   1953868   1697500   1697737    172666    201042     10609     11043     38091     44046    110736    113252   1592550   1591104    169167    197041      9900     10316     36513     42155
2I 780 34    2905408   1440065   1465343   1255707   1252346    145119    169254      9005      9126     30234     34617    101431    103571   1159650   1154856    141714    165331      8391      8526     28879     33059
2I 780 35    2912088   1439769   1472319   1254151   1256422    145374    171132      8992      9606     31252     35159     95716     97477   1163529   1164727    142140    167442      8429      9024     29955     33649
2I 780 36    2896083   1427402   1468681   1251885   1263541    136862    163062      8848      9370     29807     32708     89322     93733   1167258   1175448    133872    159430      8337      8814     28613     31256
2I 780 37    3065784   1510711   1555073   1331335   1346802    141691    167918      8478      8772     29207     31581     85933     91364   1249835   1260835    138867    164303      7993      8275     28083     30296
2I 780 38    2645778   1301349   1344429   1142115   1157503    124760    150241      7802      8063     26672     28622     78456     82630   1067703   1079719    122159    147070      7369      7599     25662     27411
2I 780 39    2600768   1281446   1319322   1116261   1128801    129985    154257      7964      7887     27236     28377     79578     82338   1041005   1051324    127172    151014      7507      7442     26184     27204
2I 780 40    2494329   1225269   1269060   1065031   1082655    126293    151227      7784      8109     26161     27069     78738     81729    990639   1005887    123387    147897      7376      7647     25129     25900
2I 780 41    2375234   1166504   1208730   1020388   1039162    115002    137701      7107      7375     24007     24492     72024     76033    952278    967689    112452    134593      6732      6963     23018     23452
2I 780 42    2351810   1154273   1197537   1010148   1029359    114203    137452      6835      7082     23087     23644     70301     74023    943575    959658    111779    134460      6472      6705     22146     22691
2I 780 43    2265006   1107216   1157790    969110    996055    109593    131977      6505      6866     22008     22892     67006     71712    905716    928380    107174    129221      6176      6501     21144     21976
2I 780 44    2260419   1103947   1156472    965427    993497    111312    134130      6196      6711     21012     22134     66345     70801    902648    926791    108889    131222      5883      6378     20182     21280
2I 780 45    2210602   1079882   1130720    945445    973200    108596    129935      6270      6376     19571     21209     65357     68994    883537    908034    106201    127228      5956      6031     18831     20433
2I 780 46    2178678   1060561   1118117    933385    963417    103175    127561      5787      6131     18214     21008     61532     65661    874975    901497    101022    124874      5491      5799     17541     20286
2I 780 47    2210352   1072760   1137592    940153    979108    108867    131034      5775      6300     17965     21150     60150     65489    883309    917339    106555    128353      5473      5974     17273     20437
2I 780 48    2148060   1044761   1103299    928237    961742     95264    116672      5098      5602     16162     19283     57529     60319    873424    904436     93349    114502      4855      5336     15604     18706
2I 780 49    2305722   1118551   1187171    992776   1035145    103650    125654      5341      5998     16784     20374     61208     64977    934524    973598    101552    123192      5084      5693     16183     19711
2I 780 50    2343195   1130767   1212428   1002832   1055622    106531    130875      5401      5892     16003     20039     60698     65940    945081    993206    104436    128329      5116      5584     15436     19369
2I 780 51    2291831   1106920   1184911    988345   1038534     98328    122098      5130      5448     15117     18831     56975     61456    933975    980410     96491    119669      4866      5167     14613     18209
2I 780 52    2345746   1128410   1217336   1007446   1068463    101121    124992      5044      5381     14799     18500     54909     58990    955182   1012675     99226    122646      4787      5114     14306     17911
2I 780 53    2349002   1127175   1221827   1009372   1076458     98879    122474      4790      5154     14134     17741     52316     57238    959587   1022320     97060    120221      4545      4888     13667     17160
2I 780 54    2366179   1124247   1241932   1002756   1092331    102621    127087      4798      5020     14072     17494     51090     56137    954168   1039300    100821    124862      4561      4747     13607     16886
2I 780 55    2368700   1119877   1248823   1002098   1104803     99158    122539      4704      5180     13917     16301     48671     54079    955851   1053604     97423    120451      4452      4928     13480     15761
2I 780 56    2338575   1106472   1232103    994030   1096142     94839    115698      4379      4960     13224     15303     47107     50194    949091   1048685     93277    113688      4156      4729     12841     14807
2I 780 57    2326955   1098386   1228569    983409   1090524     97227    118514      4456      4787     13294     14744     45276     48573    940330   1044756     95602    116483      4248      4539     12930     14218
2I 780 58    2301312   1084708   1216604    977690   1088778     90211    109682      4221      4418     12586     13726     42040     45567    937615   1045679     88769    107814      4031      4227     12253     13317
2I 780 59    2276010   1068629   1207381    964953   1081682     87980    108037      3904      4298     11792     13364     38922     43829    927883   1040259     86637    106256      3717      4098     11470     12939
2I 780 60    2183165   1021287   1161878    915022   1031987     91206    112804      3855      4215     11204     12872     37181     41825    879823    992693     89724    110914      3681      4023     10878     12423
2I 780 61    2083512    969148   1114364    875539    999124     80356     99937      3376      3754      9877     11549     31939     37253    845239    963975     79137     98356      3230      3600      9603     11180
2I 780 62    2001102    927024   1074078    839440    964556     74953     94925      3159      3544      9472     11053     29347     34644    811636    931888     73832     93453      3015      3395      9194     10698
2I 780 63    1951935    900452   1051483    818075    946687     70581     91049      2931      3317      8865     10430     26909     32592    792668    916029     69518     89623      2778      3167      8579     10072
2I 780 64    1922964    879453   1043511    797368    938947     70410     90844      2920      3291      8755     10429     26087     31893    772662    908849     69414     89498      2782      3158      8508     10113
2I 780 65    1903573    862694   1040879    777337    930566     73905     96784      2762      3528      8690     10001     25877     32369    752884    900186     72859     95293      2667      3383      8407      9648
2I 780 66    1819049    816708   1002341    738618    900124     67312     89840      2532      3254      8246      9123     24637     31238    715291    870711     66420     88476      2441      3124      7919      8792
2I 780 67    1770190    787301    982889    708827    879705     67482     91110      2631      3203      8361      8871     23487     30384    686710    851104     66574     89763      2521      3079      8009      8559
2I 780 68    1686029    743285    942744    672734    850443     60106     81530      2478      2844      7967      7927     22059     28447    651971    823604     59289     80345      2368      2719      7598      7629
2I 780 69    1630638    705800    924838    631260    825779     64049     88508      2539      2799      7952      7752     21398     28336    611341    799004     63139     87335      2401      2689      7521      7474
2I 780 70    1526318    657413    868905    591098    781822     56787     77832      2098      2535      7430      6716     19644     25465    572656    757779     56080     76728      2009      2438      7024      6495
2I 780 71    1448682    615889    832793    557836    756174     49264     67977      1876      2401      6913      6241     18087     23501    540787    733918     48683     67050      1802      2298      6530      6026
2I 780 72    1378688    579817    798871    524652    724913     46861     66035      1800      2201      6504      5722     17352     22109    508321    703908     46286     65211      1726      2113      6132      5530
2I 780 73    1270301    524287    746014    475920    678553     40918     60053      1602      2056      5847      5352     15883     20533    460960    658995     40414     59298      1533      1987      5497      5201
2I 780 74    1217246    494175    723071    444911    655022     42036     60862      1559      2017      5669      5170     15294     19792    430509    636219     41517     60106      1499      1945      5356      5009
2I 780 75    1125614    450828    674786    406989    612819     37308     55295      1487      1812      5044      4860     14127     18596    393663    595057     36862     54671      1415      1741      4761      4721
2I 780 76    1042364    407457    634907    367527    577032     34001     51676      1376      1688      4553      4511     12976     16956    355281    560828     33577     51106      1314      1618      4309      4399
2I 780 77     962627    368217    594410    332125    540869     30735     47806      1240      1556      4117      4179     11882     15346    320914    526298     30327     47206      1187      1493      3907      4067
2I 780 78     886038    333174    552864    300869    504121     27546     43472      1101      1423      3658      3848     10389     13529    291042    491204     27225     42986      1052      1378      3466      3767
2I 780 79     813189    302394    510795    273709    467052     24493     38952       963      1311      3229      3480     10532     14422    263755    453305     24157     38416       914      1260      3036      3392
2I 780 80     727858    262589    465269    236967    425524     22018     35374       840      1115      2764      3256      8196     11170    229237    414850     21733     34986       805      1073      2618      3190
2I 780 81     644883    225823    419060    207640    389680     15256     25647       686       927      2241      2806      6204      8662    201746    381360     15088     25382       659       896      2126      2760
2I 780 82     570588    198428    372160    182205    345705     13927     23219       533       805      1763      2431      5083      7282    177341    338754     13797     22954       515       777      1692      2393
2I 780 83     531612    180549    351063    165815    326254     12758     21882       464       726      1512      2201      4600      6871    161467    319704     12594     21629       446       697      1442      2162
2I 780 84     480338    158816    321522    145445    298005     11698     20689       381       709      1292      2119      4199      6485    141486    291795     11542     20474       366       685      1223      2083
2I 780 85     419367    137321    282046    125083    260913     10708     18775       435       648      1095      1710      3766      5538    121538    255622     10560     18577       416       625      1041      1684
2I 780 86     367930    118289    249641    108042    230817      9056     16741       354       593       837      1490      3268      4855    104964    226191      8921     16558       336       572       800      1465
2I 780 87     314504     98712    215792     90373    199666      7353     14346       298       505       688      1275      2725      4213     87802    195654      7243     14187       285       485       657      1253
2I 780 88     262747     80441    182306     73700    168863      5917     11972       248       421       576      1050      2222      3556     71603    165471      5826     11842       236       404       554      1033
2I 780 89     215686     64320    151366     58870    140251      4722      9911       216       338       512       866      1772      2949     57196    137436      4653      9805       207       327       492       849
2I 780 90     173339     50336    123003     46034    114025      3647      7999       196       276       459       703      1377      2391     44726    111739      3602      7913       189       268       442       692
2I 780 91     136979     38902     98077     35447     90843      2878      6447       171       219       406       568      1065      1906     34441     89022      2840      6376       165       213       391       560
2I 780 92     106240     29572     76668     26837     70899      2287      5150       134       173       314       446       807      1491     26077     69475      2254      5096       131       167       303       439
2I 780 93      80679     21862     58817     19772     54259      1776      4100        91       126       223       332       595      1143     19212     53172      1752      4054        89       122       214       326
2I 780 94      60004     15758     44246     14191     40687      1357      3225        60        92       150       242       429       854     13791     39874      1340      3190        56        89       142       239
2I 780 95      43419     11106     32313      9897     29597      1068      2477        39        67       102       172       300       628      9616     29003      1054      2448        37        65        99       169
2I 780 96      30642      7690     22952      6724     20895       854      1878        35        54        77       125       205       440      6534     20480       843      1858        34        51        74       123
2I 780 97      21110      5205     15905      4471     14363       668      1421        19        32        47        89       136       307      4345     14076       661      1405        18        31        45        86
2I 780 98      14234      3485     10749      2943      9598       500      1057        14        26        28        68        97       207      2857      9405       493      1045        13        25        25        67
2I 780 99       9652      2409      7243      2011      6367       368       797         7        23        23        56        67       140      1950      6237       363       790         7        22        22        54
2I 780100      15099      3244     11855      2480     10081       675      1671        25        28        64        75        85       234      2408      9871       666      1652        24        26        61        72
2I1080999  228416720 111196894 117219826  95736782 100279528  12814585  14187384    717737    731230   1927790   2021684   7540691   7538439  88608840  93173333  12539087  13894540    667785    681653   1840491   1931861
2I1080  0    3582352   1832733   1749619   1505496   1427131    271876    268910     17138     17022     38223     36556    189254    181490   1326600   1255744    264951    262141     15804     15724     36124     34520
2I1080  1    3360607   1718828   1641779   1413879   1342235    254031    250255     15842     14879     35076     34410    175526    168264   1248304   1183573    247478    243890     14382     13485     33138     32567
2I1080  2    3217219   1645162   1572057   1351190   1282877    244631    240788     15013     14519     34328     33873    164402    157232   1196178   1134691    238498    234832     13620     13188     32464     32114
2I1080  3    3278050   1676853   1601197   1379249   1309325    248351    243424     14918     14569     34335     33879    168846    162649   1219823   1155771    242170    237412     13532     13244     32482     32121
2I1080  4    3136756   1603765   1532991   1316856   1251943    238151    233709     14904     14154     33854     33185    166736    160391   1159245   1100249    232074    227973     13594     12879     32116     31499
2I1080  5    3165127   1620348   1544779   1331869   1262262    240487    235870     14267     13963     33725     32684    162985    156847   1177688   1113596    234586    230501     13070     12790     32019     31045
2I1080  6    3135372   1604583   1530789   1318556   1251087    237417    232942     14091     13784     34519     32976    157451    152086   1169627   1107002    231806    227629     12943     12705     32756     31367
2I1080  7    3228516   1649780   1578736   1350940   1285590    249032    244954     14797     14385     35011     33807    157953    151701   1201643   1142264    243416    239443     13588     13227     33180     32101
2I1080  8    3252989   1663286   1589703   1365633   1296853    248725    245623     14738     14305     34190     32922    154486    147994   1219557   1156985    243319    240329     13541     13159     32383     31236
2I1080  9    3678083   1879373   1798710   1548753   1473442    277776    273965     16034     15780     36810     35523    163026    157678   1394778   1324450    271940    268340     14753     14541     34876     33701
2I1080 10    3763723   1929287   1834436   1603186   1517465    275009    268176     16345     15931     34747     32864    165153    159377   1447281   1366916    268931    262363     15066     14699     32856     31081
2I1080 11    3633852   1854983   1778869   1536215   1466577    268698    264043     15628     15393     34442     32856    153745    149651   1390994   1325257    263027    258545     14454     14215     32763     31201
2I1080 12    3530631   1802276   1728355   1498609   1426383    256094    256180     15632     15111     31941     30681    147565    143734   1359266   1290910    250568    250600     14526     14004     30351     29107
2I1080 13    3609368   1841295   1768073   1524768   1456702    268722    266056     15794     15460     32011     29855    147253    144507   1386032   1320686    262972    260253     14659     14350     30379     28277
2I1080 14    3698791   1888596   1810195   1559800   1487305    280626    277372     16269     15884     31901     29634    151160    147257   1417464   1348774    274643    271361     15107     14765     30222     28038
2I1080 15    3935955   2007402   1928553   1661865   1589275    295715    292125     17397     16794     32425     30359    157929    153307   1513102   1445064    289368    285845     16231     15622     30772     28715
2I1080 16    4148128   2118410   2029718   1762177   1681850    305021    300003     17774     17293     33438     30572    163046    157041   1608612   1534094    298377    293528     16582     16116     31793     28939
2I1080 17    4212778   2157543   2055235   1799528   1707312    305915    299793     17900     16982     34200     31148    169495    159050   1639625   1557497    299264    293428     16669     15790     32490     29470
2I1080 18    4222866   2144448   2078418   1796470   1732111    296419    298270     17141     16511     34418     31526    170041    157450   1635995   1583893    289797    291924     15917     15318     32698     29833
2I1080 19    4512302   2285288   2227014   1922246   1862853    308137    312854     17359     17021     37546     34286    179397    164795   1753008   1707869    301108    306113     16054     15753     35721     32484
2I1080 20    4447721   2251104   2196617   1901350   1840717    295708    304581     17131     16571     36915     34748    181038    164874   1730459   1685598    288771    297898     15837     15363     34999     32884
2I1080 21    4375345   2212667   2162678   1873250   1815697    285916    295895     16094     15555     37407     35531    174691    158094   1708361   1666858    279195    289489     14876     14499     35544     33738
2I1080 22    4288683   2164215   2124468   1844300   1789408    268443    284529     14989     14465     36483     36066    171685    156775   1681999   1641926    262075    278175     13796     13366     34660     34226
2I1080 23    4319208   2169916   2149292   1852170   1810492    266098    285897     14260     14002     37388     38901    170316    157731   1691130   1662081    259832    279613     13076     12875     35562     36992
2I1080 24    4249746   2134349   2115397   1822673   1777475    259172    283084     14766     14964     37738     39874    167632    155965   1664350   1630756    252823    276862     13591     13821     35953     37993
2I1080 25    4167229   2090933   2076296   1790436   1748346    248074    271555     13622     13888     38801     42507    163907    153056   1635629   1604219    241976    265696     12521     12845     36900     40480
2I1080 26    4071435   2037107   2034328   1749457   1716033    235934    261736     12022     12106     39694     44453    154439    145585   1603293   1579066    230459    256173     11079     11182     37837     42322
2I1080 27    3996350   1994613   2001737   1713047   1690173    228121    253328     12663     12952     40782     45284    147499    142027   1573461   1556890    223040    247779     11690     11963     38923     43078
2I1080 28    3768329   1878708   1889621   1621441   1599059    206769    235092     12016     12259     38482     43211    134160    130763   1494604   1476117    202109    230073     11101     11391     36734     41277
2I1080 29    3936037   1964477   1971560   1687942   1660407    222536    251246     12759     13185     41240     46722    138863    134721   1556684   1533727    217570    246048     11839     12291     39521     44773
2I1080 30    3737387   1860471   1876916   1595723   1578031    210306    237624     12551     13230     41891     48031    133911    131621   1469057   1454409    205603    232580     11718     12354     40182     45952
2I1080 31    3665217   1817896   1847321   1570958   1563617    194045    223780     11324     11849     41569     48075    122553    122867   1454988   1448113    189886    219155     10583     11102     39886     46084
2I1080 32    3646305   1806362   1839943   1568028   1565957    187238    216443     11099     11526     39997     46017    117941    119285   1456409   1453716    183258    211988     10372     10806     38382     44148
2I1080 33    3897020   1930341   1966679   1702629   1703790    177126    205573     10779     11308     39807     46008    113038    115369   1595536   1595178    173500    201461     10058     10575     38209     44096
2I1080 34    3113566   1546718   1566848   1355711   1346386    150594    175210      9297      9501     31116     35751    105804    107754   1255521   1244983    147055    171167      8648      8858     29690     34086
2I1080 35    2890035   1427949   1462086   1242459   1246548    144592    170031      8955      9436     31943     36071     96414     98306   1151256   1154126    141284    166253      8370      8846     30625     34555
2I1080 36    2872531   1415667   1456864   1239611   1250538    136551    163084      9035      9675     30470     33567     91568     95061   1152917   1161213    133466    159431      8496      9095     29220     32064
2I1080 37    3090297   1521279   1569018   1338934   1357088    143413    170183      8605      8914     30327     32833     87099     92656   1256429   1270008    140466    166464      8106      8395     29179     31495
2I1080 38    2716539   1337981   1378558   1177289   1190279    125493    150657      7931      8242     27268     29380     80587     84985   1100821   1110258    122874    147401      7477      7765     26222     28149
2I1080 39    2644810   1302891   1341919   1134082   1147483    132742    157034      8039      8040     28028     29362     80276     83125   1058245   1069373    129834    153710      7576      7573     26960     28138
2I1080 40    2516350   1236178   1280172   1074811   1092070    126534    151958      7938      8142     26895     28002     79715     82513    999541   1014561    123593    148606      7497      7676     25832     26816
2I1080 41    2368268   1163220   1205048   1015990   1034332    115625    138076      7187      7555     24418     25085     73734     77277    946300    961727    112953    134912      6809      7127     23424     24005
2I1080 42    2375914   1166135   1209779   1020448   1039918    115011    138426      6930      7156     23746     24279     70927     74738    953369    969637    112513    135341      6556      6764     22770     23299
2I1080 43    2292286   1121042   1171244    979923   1006288    111722    134326      6650      7015     22747     23615     68653     73007    914990    937466    109245    131457      6304      6641     21850     22673
2I1080 44    2254082   1101381   1152701    962904    990215    110735    133325      6287      6757     21455     22404     66679     71175    899895    923181    108237    130419      5966      6409     20604     21517
2I1080 45    2239506   1094114   1145392    955749    983585    111402    133216      6261      6489     20702     22102     65764     69527    893539    918039    108946    130383      5944      6144     19921     21299
2I1080 46    2215615   1078915   1136700    950883    980556    103437    128697      5919      6161     18676     21286     63570     67385    890535    916942    101203    126003      5615      5820     17992     20550
2I1080 47    2195957   1066854   1129103    933625    971058    108897    130242      5844      6325     18488     21478     60501     65607    876488    909282    106550    127479      5536      5991     17779     20744
2I1080 48    2130759   1036677   1094082    919814    952523     95239    116296      5178      5692     16446     19571     57596     60969    865059    894680     93245    114058      4920      5413     15857     18962
2I1080 49    2288728   1110648   1178080    984267   1025443    103854    125879      5353      5994     17174     20764     61040     64208    926198    964612    101739    123453      5095      5695     16576     20112
2I1080 50    2338218   1126315   1211903    997986   1054512    106524    130981      5405      5996     16400     20414     61212     66629    939828    991514    104345    128359      5119      5676     15811     19725
2I1080 51    2287541   1107274   1180267    988353   1033777     98297    121897      5199      5492     15425     19101     57994     62419    933051    974718     96403    119465      4920      5206     14906     18459
2I1080 52    2327565   1119593   1207972    998419   1058866    101012    124763      5069      5430     15093     18913     55426     59626    945676   1002553     99088    122338      4808      5154     14595     18301
2I1080 53    2359862   1134503   1225359   1016325   1079643     98965    122417      4838      5215     14375     18084     53505     57978    965409   1024796     97108    120140      4586      4947     13895     17498
2I1080 54    2363962   1123300   1240662   1001402   1090506    102786    127161      4816      5087     14296     17908     51373     56855    952593   1036853    100938    124865      4573      4808     13823     17281
2I1080 55    2346617   1109310   1237307    991173   1092697     99298    122685      4744      5127     14095     16798     49118     54508    944511   1041156     97546    120558      4494      4861     13641     16224
2I1080 56    2346734   1110172   1236562    997480   1099973     94910    115897      4386      5038     13396     15654     47546     51391    952169   1051346     93310    113876      4153      4803     12994     15146
2I1080 57    2340639   1104880   1235759    989404   1096923     97439    118826      4473      4843     13564     15167     46211     49183    945424   1050609     95804    116742      4259      4594     13182     14631
2I1080 58    2271997   1069587   1202410    962090   1073888     90358    109942      4287      4482     12852     14098     42352     46028    921783   1030430     88857    108041      4090      4271     12505     13640
2I1080 59    2299378   1079222   1220156    974727   1093385     88385    108638      3983      4347     12127     13786     40059     44660    936553   1051162     87022    106815      3793      4153     11795     13366
2I1080 60    2204764   1032302   1172462    925421   1041661     91399    113194      3893      4284     11589     13323     37545     42441    889872   1001807     89925    111282      3708      4077     11252     12855
2I1080 61    2092746    974294   1118452    879983   1002221     80662    100508      3469      3815     10180     11908     33500     38552    848196    965872     79392     98860      3318      3657      9888     11511
2I1080 62    1994036    923160   1070876    834923    960426     75284     95437      3205      3588      9748     11425     29297     34746    807174    927684     74156     93946      3066      3440      9467     11060
2I1080 63    1971828    911571   1060257    828821    954967     70736     91220      2956      3347      9058     10723     27932     33401    802409    923523     69655     89779      2805      3198      8770     10356
2I1080 64    1932399    882880   1049519    800473    944477     70509     90981      2926      3321      8972     10740     26108     32182    775800    914165     69490     89594      2782      3181      8700     10397
2I1080 65    1902226    863003   1039223    777211    928436     74148     96924      2814      3473      8830     10390     25997     32292    752653    898122     73091     95436      2706      3330      8556     10043
2I1080 66    1823669    818799   1004870    740578    902291     67259     89854      2541      3320      8421      9405     24821     31561    717093    872613     66335     88457      2452      3186      8098      9053
2I1080 67    1776492    790140    986352    711501    882717     67455     91222      2630      3227      8554      9186     23754     30688    689118    853851     66548     89854      2520      3097      8200      8862
2I1080 68    1692931    746272    946659    675381    853632     60267     81932      2504      2899      8120      8196     22267     28925    654416    826347     59441     80721      2393      2778      7755      7888
2I1080 69    1639550    709699    929851    634824    830143     64196     88830      2537      2836      8142      8042     21459     28410    614848    803381     63276     87602      2405      2716      7711      7742
2I1080 70    1535680    661447    874233    594727    786190     57052     78474      2185      2562      7483      7007     20030     26237    575983    761368     56292     77392      2078      2464      7064      6772
2I1080 71    1457693    619783    837910    561365    760428     49510     68605      1875      2441      7033      6436     18344     23874    544072    737851     48925     67631      1798      2337      6644      6217
2I1080 72    1386256    583029    803227    527550    728565     47028     66522      1816      2240      6635      5900     17422     22429    511172    707286     46442     65672      1738      2146      6255      5694
2I1080 73    1278771    527892    750879    479230    682834     41083     60442      1621      2095      5958      5508     16077     20771    464088    663060     40569     59689      1551      2017      5607      5342
2I1080 74    1226127    497870    728257    448348    659768     42169     61126      1570      2048      5783      5315     15356     20051    433917    640732     41636     60344      1507      1975      5454      5155
2I1080 75    1134586    454580    680006    410407    617503     37526     55678      1479      1867      5168      4958     14339     18820    396880    599559     37064     55029      1415      1793      4882      4805
2I1080 76    1050680    410951    639729    370688    581371     34222     52019      1404      1713      4637      4626     13098     17380    358348    564761     33788     51443      1333      1636      4384      4509
2I1080 77     970168    371255    598913    334853    544883     30950     48181      1262      1584      4190      4265     12054     15653    323490    530000     30531     47593      1208      1518      3972      4149
2I1080 78     892431    335671    556760    303141    507607     27701     43790      1111      1446      3718      3917     10622     13840    293104    494433     27356     43269      1062      1393      3527      3825
2I1080 79     818909    304444    514465    275504    470190     24675     39398       978      1329      3287      3548     10295     13944    265778    456885     24350     38893       928      1279      3093      3464
2I1080 80     732874    264423    468451    238642    428349     22136     35676       847      1160      2798      3266      8804     12254    230348    416666     21818     35230       809      1112      2644      3189
2I1080 81     649759    227626    422133    209275    392423     15367     25930       697       929      2287      2851      6413      8882    203192    383881     15183     25670       670       898      2168      2802
2I1080 82     574982    199962    375020    183591    348259     14032     23493       537       811      1802      2457      5217      7443    178608    341147     13896     23229       518       782      1723      2419
2I1080 83     535313    181765    353548    166897    328450     12853     22128       468       739      1547      2231      4629      6898    162505    321881     12696     21867       451       709      1484      2193
2I1080 84     483694    159802    323892    146289    300081     11802     20948       393       714      1318      2149      4222      6530    142335    293847     11624     20718       376       687      1245      2110
2I1080 85     419881    136619    283262    124389    262206     10617     18688       428       637      1185      1731      3754      5646    120873    256803     10460     18494       409       614      1123      1705
2I1080 86     370484    118942    251542    108535    232601      9211     16847       366       602       830      1492      3326      4882    105421    227949      9056     16664       347       581       792      1466
2I1080 87     317643     99493    218150     91020    201789      7490     14554       297       520       686      1287      2776      4275     88421    197723      7361     14390       283       497       652      1265
2I1080 88     265955     81297    184658     74477    171007      6011     12171       249       431       560      1049      2280      3605     72338    167566      5903     12039       237       414       539      1034
2I1080 89     219634     65434    154200     59847    142774      4872     10191       219       354       496       881      1821      3005     58138    139906      4790     10085       209       341       476       863
2I1080 90     176048     51026    125022     46690    115894      3698      8135       191       283       447       710      1399      2437     45359    113568      3654      8047       184       273       430       697
2I1080 91     139320     39402     99918     35959     92583      2875      6532       167       222       401       581      1083      1952     34934     90716      2840      6460       159       217       386       573
2I1080 92     108499     30116     78383     27369     72501      2296      5240       135       174       316       468       824      1527     26589     71043      2264      5185       132       167       307       461
2I1080 93      82793     22413     60380     20278     55721      1808      4183        95       131       232       345       608      1178     19704     54600      1785      4137        93       127       223       338
2I1080 94      61693     16179     45514     14577     41864      1376      3298        64        96       162       256       448       881     14161     41025      1359      3262        59        93       152       253
2I1080 95      44662     11344     33318     10150     30541      1051      2525        37        72       106       180       309       654      9859     29925      1037      2492        36        70       103       177
2I1080 96      31629      7887     23742      6922     21652       848      1908        39        50        78       132       210       458      6727     21220       838      1888        37        46        75       130
2I1080 97      21907      5374     16533      4631     14956       674      1447        20        37        49        93       138       318      4503     14659       667      1431        19        36        47        89
2I1080 98      14782      3587     11195      3032     10016       508      1079        14        27        33        73       101       213      2944      9817       500      1066        13        26        29        73
2I1080 99       9972      2447      7525      2044      6636       376       811         5        23        22        55        70       147      1980      6500       371       804         5        22        21        52
2I1080100      16021      3511     12510      2691     10655       719      1741        28        32        73        82        97       253      2608     10427       709      1720        27        31        70        79
2I 181999  228937045 111450843 117486202  95898772 100445990  12856046  14234671    723992    737757   1972033   2067784   7624860   7615375  88695846  93271711  12574946  13936611    672798    687043   1882393   1975462
2I 181  0    3591816   1838028   1753788   1510507   1431163    271181    268074     17372     17457     38968     37094    187241    179040   1333403   1262031    264410    261440     16136     16252     36838     35025
2I 181  1    3395961   1737751   1658210   1429059   1355331    256199    252048     16086     15046     36407     35785    179172    172427   1260126   1192793    249458    245511     14582     13604     34413     33875
2I 181  2    3235126   1652637   1582489   1353985   1288844    247509    243555     15365     14714     35778     35376    164744    157299   1198795   1140753    241269    237501     13947     13358     33882     33578
2I 181  3    3287535   1681037   1606498   1383313   1313549    248102    243885     14978     14790     34644     34274    170135    163840   1222815   1159004    241810    237786     13548     13415     32729     32453
2I 181  4    3168907   1621389   1547518   1331062   1263177    240690    236520     15081     14181     34556     33640    168613    162235   1171843   1109927    234460    230539     13726     12893     32747     31924
2I 181  5    3144684   1609359   1535325   1320013   1251857    241128    235979     14289     14024     33929     33465    164356    158243   1164593   1102008    235133    230518     13052     12778     32225     31778
2I 181  6    3162619   1618737   1543882   1331923   1263676    237422    233039     14139     13755     35253     33412    160600    154805   1180080   1116980    231635    227641     12968     12667     33454     31789
2I 181  7    3190654   1631377   1559277   1335772   1269762    245457    241125     14691     14318     35457     34072    157792    152255   1186716   1125936    239805    235600     13465     13143     33599     32343
2I 181  8    3201349   1637309   1564040   1342049   1272708    246045    243359     14776     14361     34439     33612    155571    148502   1195073   1132531    240513    237930     13554     13188     32598     31889
2I 181  9    3591643   1835396   1756247   1509326   1436291    272639    268281     15944     15671     37487     36004    162214    157029   1356159   1287963    266866    262702     14636     14405     35521     34148
2I 181 10    3811494   1952969   1858525   1618786   1533774    281693    274775     16539     16077     35951     33899    167736    161511   1460556   1381297    275455    268819     15238     14835     33984     32063
2I 181 11    3641419   1859814   1781605   1538317   1466602    270237    265599     15776     15565     35484     33839    156342    152224   1390724   1322881    264475    260041     14548     14343     33725     32116
2I 181 12    3559294   1818764   1740530   1512992   1439046    256673    254642     15784     15312     33315     31530    149203    145258   1372140   1302147    251085    249041     14654     14175     31682     29909
2I 181 13    3578709   1825023   1753686   1509984   1442568    266464    264889     15872     15344     32703     30885    147739    144710   1370796   1306411    260716    259064     14723     14220     31049     29281
2I 181 14    3680359   1878094   1802265   1552476   1481676    277004    274507     16134     15974     32480     30108    150922    147547   1410451   1342968    270982    268444     14959     14834     30780     28472
2I 181 15    3864990   1973587   1891403   1629962   1555294    293245    288807     17212     16460     33168     30842    157288    152425   1481909   1411987    286931    282521     16016     15291     31443     29179
2I 181 16    4126551   2104073   2022478   1746802   1672535    305284    301198     17830     17369     34157     31376    163281    157749   1593085   1524219    298570    294648     16636     16165     32501     29697
2I 181 17    4189103   2146753   2042350   1789007   1695417    304787    298233     17958     17102     35001     31598    169275    158984   1629537   1545816    298001    291742     16697     15908     33243     29900
2I 181 18    4206680   2136072   2070608   1786940   1723864    296358    297849     17535     16707     35239     32188    171615    159928   1624990   1573363    289693    291413     16293     15475     33481     30429
2I 181 19    4500660   2280272   2220388   1915198   1855273    308928    313055     17537     17086     38609     34974    181060    165470   1744615   1699776    301711    306195     16188     15819     36698     33128
2I 181 20    4460754   2259373   2201381   1908307   1844211    295934    305038     17208     16732     37924     35400    183024    166638   1735602   1687598    288865    298211     15890     15457     35992     33477
2I 181 21    4372325   2211273   2161052   1871554   1813502    285420    295606     16379     15690     37920     36254    178770    160849   1702978   1662178    278511    289040     15091     14608     35923     34377
2I 181 22    4290479   2165239   2125240   1841680   1787100    270770    286511     15211     14852     37578     36777    173651    157667   1677681   1638894    264157    280025     14022     13754     35728     34900
2I 181 23    4333089   2177561   2155528   1858474   1814968    266830    286809     14306     13962     37951     39789    174125    160104   1693883   1664473    260456    280351     13070     12807     36027     37793
2I 181 24    4287507   2155635   2131872   1839504   1790957    262394    285234     14660     14694     39077     40987    171055    158294   1678069   1642182    255819    278831     13471     13542     37221     39023
2I 181 25    4178966   2095062   2083904   1792313   1752978    249639    273334     14196     14702     38914     42890    167012    155589   1634678   1606660    243356    267239     13026     13576     36990     40840
2I 181 26    4110676   2058084   2052592   1765763   1729383    239629    265518     11992     12040     40700     45651    158716    148630   1615764   1589531    233834    259836     11016     11115     38754     43480
2I 181 27    4019492   2008399   2011093   1723098   1695887    230950    255929     12572     12825     41779     46452    149918    143625   1581285   1561209    225720    250249     11590     11824     39886     44186
2I 181 28    3797213   1892250   1904963   1631537   1610654    208758    237270     12152     12403     39803     44636    137560    133755   1501529   1485036    203974    232101     11205     11488     37982     42583
2I 181 29    3979051   1987141   1991910   1708479   1680034    223699    251616     12688     13005     42275     47255    140476    136321   1575835   1551879    218621    246319     11740     12117     40469     45274
2I 181 30    3747256   1866204   1881052   1598479   1578525    212163    240139     12948     13686     42614     48702    135832    132992   1470130   1453740    207311    234984     12059     12750     40872     46586
2I 181 31    3669320   1820319   1849001   1570587   1561810    195586    225896     11448     11980     42698     49315    125376    125453   1451962   1443877    191309    221176     10692     11216     40980     47279
2I 181 32    3656939   1812265   1844674   1569052   1566359    190733    219584     11211     11646     41269     47085    119048    120190   1456532   1453419    186620    215008     10462     10900     39603     45157
2I 181 33    3771062   1865977   1905085   1640463   1643935    174995    203503     10884     11511     39635     46136    114677    116931   1531862   1533877    171254    199285     10159     10775     38025     44217
2I 181 34    3461810   1722358   1739452   1515914   1502400    163006    188458      9618      9934     33820     38660    110077    111940   1411685   1397080    159332    184295      8937      9248     32327     36889
2I 181 35    2862444   1413762   1448682   1228660   1233551    143663    169009      8971      9302     32468     36820     97033     99293   1136952   1140262    140297    165140      8359      8703     31121     35284
2I 181 36    2876298   1417540   1458758   1238922   1248503    137853    165388      9199      9922     31566     34945     93519     96179   1150448   1158143    134681    161712      8632      9320     30260     33404
2I 181 37    3022816   1487448   1535368   1304543   1322746    143284    170104      8721      9047     30900     33471     87970     93639   1221333   1234842    140215    166306      8209      8505     29721     32076
2I 181 38    2832633   1396111   1436522   1233487   1246377    126615    151528      8078      8434     27931     30183     82619     87307   1155064   1164155    123978    148183      7604      7946     26846     28931
2I 181 39    2687237   1323557   1363680   1151223   1165494    135478    159721      8132      8228     28724     30237     80989     84114   1074781   1086566    132479    156299      7665      7739     27643     28962
2I 181 40    2535877   1245730   1290147   1083542   1100615    126601    152524      8060      8142     27527     28866     80051     82888   1007989   1022764    123666    149163      7588      7671     26436     27661
2I 181 41    2360708   1159654   1201054   1011361   1029381    116222    138377      7267      7727     24804     25569     75182     78361    940335    955781    113446    135176      6883      7280     23808     24456
2I 181 42    2398182   1177069   1221113   1029978   1049725    115721    139314      7042      7252     24328     24822     71493     75442    962471    978887    113139    136136      6651      6842     23315     23806
2I 181 43    2317441   1133789   1183652    989914   1015797    113678    136437      6800      7168     23397     24250     70124     74248    923616    945896    111147    133444      6437      6780     22465     23284
2I 181 44    2247554   1098588   1148966    960259    986953    110134    132576      6391      6803     21804     22634     66927     71488    897100    919645    107569    129676      6059      6437     20933     21720
2I 181 45    2241042   1094357   1146685    955045    984147    111839    133565      6245      6590     21228     22383     65762     69749    892922    918523    109340    130617      5924      6250     20409     21546
2I 181 46    2251927   1096899   1155028    968074    997417    103677    129819      6043      6219     19105     21573     65484     69125    905917    932106    101361    127113      5730      5865     18407     20819
2I 181 47    2180982   1060651   1120331    926876    962775    108908    129435      5914      6334     18953     21787     60824     65574    869453    901110    106541    126623      5596      5988     18237     21036
2I 181 48    2112998   1028360   1084638    911183    943141     95185    115899      5267      5789     16725     19809     57646     61675    856514    884729     93110    113578      4992      5494     16098     19162
2I 181 49    2271066   1102380   1168686    975456   1015498    104014    126092      5397      6015     17513     21081     60742     63517    917706    955326    101879    123686      5135      5718     16918     20439
2I 181 50    2332554   1121488   1211066    992879   1053155    106474    131080      5380      6058     16755     20773     61258     66747    934738    990104    104245    128409      5098      5733     16149     20073
2I 181 51    2282493   1107204   1175289    988021   1028713     98198    121671      5265      5535     15720     19370     58829     63142    931940    968937     96279    119251      4973      5245     15183     18714
2I 181 52    2308777   1110415   1198362    989105   1049063    100836    124529      5105      5486     15369     19284     55821     60288    935993    992201     98904    122025      4833      5199     14864     18649
2I 181 53    2370080   1141451   1228629   1022935   1082570     99044    122360      4892      5273     14580     18426     54631     58656    970943   1027082     97152    120059      4633      5001     14092     17831
2I 181 54    2361042   1121994   1239048    999694   1088389    102948    127219      4837      5180     14515     18260     51552     57460    950780   1034207    101043    124858      4588      4897     14031     17626
2I 181 55    2323974   1098394   1225580    980028   1080428     99369    122798      4773      5059     14224     17295     49418     54693    933086   1028773     97608    120639      4525      4784     13757     16691
2I 181 56    2354141   1113477   1240664   1000664   1103551     94919    116053      4406      5099     13488     15961     47874     52528    955095   1053818     93276    114024      4160      4857     13072     15437
2I 181 57    2353697   1111038   1242659    995133   1103100     97584    119108      4493      4894     13828     15557     47006     49792    950382   1056220     95947    116979      4270      4649     13433     15019
2I 181 58    2242131   1054175   1187956    946307   1058768     90430    110173      4332      4552     13106     14463     42513     46334    905904   1015103     88887    108246      4128      4321     12743     13952
2I 181 59    2322154   1089522   1232632    984264   1104838     88736    109223      4065      4418     12457     14153     41167     45428    945039   1061890     87329    107349      3872      4227     12115     13738
2I 181 60    2225480   1042828   1182652    935444   1051022     91520    113558      3920      4326     11944     13746     37695     42828    899740   1010803     90062    111638      3728      4110     11603     13273
2I 181 61    2101219    979038   1122181    884105   1005009     80897    101046      3554      3875     10482     12251     34986     39791    850910    967518     79574     99339      3395      3707     10173     11826
2I 181 62    1986404    919010   1067394    830211    956080     75541     95931      3268      3646      9990     11737     29275     34851    802500    923271     74402     94416      3129      3494      9704     11362
2I 181 63    1990930    922302   1068628    839266    962903     70816     91361      2983      3385      9237     10979     28908     34167    811892    930712     69725     89910      2832      3232      8945     10607
2I 181 64    1941207    885968   1055239    803302    949736     70545     91105      2936      3372      9185     11026     26178     32532    778620    919161     69495     89670      2784      3221      8891     10655
2I 181 65    1899711    862613   1037098    776596    925861     74264     97080      2856      3403      8897     10754     25964     32075    752072    895746     73208     95601      2734      3262      8635     10414
2I 181 66    1827210    820296   1006914    742055    904026     67109     89862      2552      3375      8580      9651     24931     31750    718494    874200     66143     88445      2468      3236      8260      9283
2I 181 67    1781760    792358    989402    713661    885300     67320     91337      2626      3250      8751      9515     23963     30891    691081    856267     66410     89950      2513      3116      8391      9178
2I 181 68    1698712    748623    950089    677512    856360     60322     82315      2524      2962      8265      8452     22460     29361    656373    828661     59473     81090      2417      2838      7900      8139
2I 181 69    1647409    712944    934465    637886    834082     64212     89183      2522      2876      8324      8324     21429     28364    617927    807456     63290     87893      2396      2749      7902      8003
2I 181 70    1543183    664432    878751    597367    789915     57256     79022      2261      2576      7548      7238     20322     26876    578397    764434     56452     77967      2141      2480      7120      6994
2I 181 71    1465316    622791    842525    564084    764149     49704     69216      1877      2483      7126      6677     18587     24279    546557    741225     49110     68200      1802      2374      6735      6447
2I 181 72    1392288    585319    806969    529621    731636     47133     66981      1820      2280      6745      6072     17431     22664    513244    710165     46541     66101      1742      2184      6361      5855
2I 181 73    1285729    530610    755119    481705    686532     41201     60810      1642      2130      6062      5647     16227     20974    466417    666580     40677     60056      1572      2046      5717      5463
2I 181 74    1233322    500589    732733    450892    663870     42222     61360      1587      2071      5888      5432     15383     20252    436468    644648     41684     60557      1516      2002      5538      5274
2I 181 75    1142002    457436    684566    412981    621562     37705     56033      1466      1912      5284      5059     14488     18956    399317    603516     37225     55362      1407      1838      4999      4894
2I 181 76    1057339    413531    643808    373012    585017     34374     52326      1419      1735      4726      4730     13200     17723    360596    568076     33933     51746      1343      1658      4459      4605
2I 181 77     976116    373405    602711    336749    548228     31110     48529      1285      1605      4261      4349     12166     15924    325286    533063     30686     47952      1227      1540      4040      4232
2I 181 78     897168    337256    559912    304561    510377     27799     44081      1126      1472      3770      3982     10911     14224    294272    496875     27425     43521      1074      1412      3574      3880
2I 181 79     823055    305631    517424    276483    472643     24826     39828       984      1339      3338      3614      9977     13339    267060    459903     24510     39357       936      1291      3148      3534
2I 181 80     736386    265474    470912    239584    430485     22194     35953       851      1198      2845      3276      9281     13164    230841    417952     21860     35456       811      1148      2681      3192
2I 181 81     653189    228695    424494    210204    394456     15451     26212       709       943      2331      2883      6685      9214    203876    385592     15251     25952       675       909      2208      2827
2I 181 82     577974    200779    377195    184295    350145     14097     23742       550       821      1837      2487      5381      7639    179175    342845     13946     23474       530       788      1747      2449
2I 181 83     537355    182204    355151    167250    329796     12903     22352       471       752      1580      2251      4667      6942    162803    323190     12755     22085       456       720      1523      2214
2I 181 84     485528    160097    325431    146476    301346     11869     21176       409       727      1343      2182      4228      6530    142537    295132     11674     20933       391       695      1267      2141
2I 181 85     419081    135353    283728    123177    262763     10483     18585       422       627      1271      1753      3719      5741    119700    257259     10326     18396       403       604      1205      1728
2I 181 86     371535    118958    252577    108435    233553      9321     16929       372       610       830      1485      3370      4923    105299    228868      9149     16741       352       585       788      1460
2I 181 87     319258     99654    219604     91088    203050      7591     14728       296       528       679      1298      2813      4310     88466    198947      7447     14565       282       506       646      1276
2I 181 88     267659     81549    186110     74680    172278      6072     12339       251       443       546      1050      2324      3658     72511    168791      5950     12201       239       424       525      1036
2I 181 89     222108     65971    156137     60289    144448      4988     10443       218       365       476       881      1868      3054     58543    141538      4896     10334       208       349       456       862
2I 181 90     177379     51209    126170     46874    116934      3728      8234       185       286       422       716      1423      2470     45525    114578      3678      8145       178       276       405       701
2I 181 91     140535     39521    101014     36105     93606      2856      6589       165       225       395       594      1101      1989     35060     91704      2821      6517       155       220       384       584
2I 181 92     109718     30310     79408     27569     73440      2288      5307       132       177       321       484       836      1556     26775     71955      2257      5252       129       170       313       475
2I 181 93      84015     22671     61344     20514     56607      1824      4243        99       134       234       360       620      1210     19929     55457      1800      4195        97       129       225       353
2I 181 94      62635     16345     46290     14735     42571      1382      3351        64        99       164       269       459       909     14306     41707      1365      3315        58        96       157       263
2I 181 95      45313     11410     33903     10231     31085      1032      2556        35        72       112       190       312       671      9935     30451      1020      2524        35        70       108       187
2I 181 96      32120      7926     24194      6980     22081       834      1929        37        49        75       135       217       477      6778     21633       825      1905        34        46        72       133
2I 181 97      22323      5432     16891      4689     15288       671      1466        24        42        48        95       141       330      4557     14981       665      1450        23        40        46        90
2I 181 98      15052      3615     11437      3055     10241       509      1088        15        27        36        81       105       219      2963     10037       501      1074        14        26        32        81
2I 181 99      10102      2436      7666      2036      6774       378       820         2        19        20        53        70       155      1973      6630       373       813         2        18        18        50
2I 181100      16480      3620     12860      2783     10930       738      1799        31        39        68        92       109       267      2689     10690       727      1776        30        38        65        89
