                                       Resident
                                     Population                      Civilian
                                     Plus Armed                     Noninsti-
                        Resident         Forces       Civilian       tutional
                      Population       Overseas     Population     Population
2000 November 1               276,059        276,298        274,874        271,005
2000 October 1                275,843        276,083        274,656        270,792
2000 September 1              275,617        275,857        274,422        270,565
2000 August 1                 275,377        275,619        274,179        270,328
2000 July 1                   275,130        275,372        273,936        270,091
2000 June 1                   274,912        275,155        273,725        269,885
2000 May 1                    274,708        274,952        273,517        269,683
2000 April 1                  274,520        274,765        273,330        269,501
2000 March 1                  274,337        274,583        273,145        269,320
2000 February 1               274,177        274,423        272,984        269,162
2000 January 1                274,024        274,271        272,828        269,009
1999 December 1               273,828        274,076        272,628        268,812
1999 November 1               273,642        273,891        272,440        268,628
1999 October 1                273,423        273,672        272,217        268,411
1999 September 1              273,189        273,439        271,977        268,176
1999 August 1                 272,944        273,197        271,732        267,937
1999 July 1                   272,691        272,945        271,491        267,703
1999 June 1                   272,463        272,718        271,278        267,494
1999 May 1                    272,253        272,508        271,067        267,289
1999 April 1                  272,062        272,317        270,874        267,101
1999 March 1                  271,886        272,142        270,691        266,921
1999 February 1               271,731        271,987        270,533        266,767
1999 January 1                271,584        271,841        270,385        266,621
1998 December 1               271,387        271,644        270,177        266,416
1998 November 1               271,202        271,459        269,983        266,226
1998 October 1                270,982        271,240        269,753        266,001
1998 September 1              270,748        271,007        269,521        265,774
1998 August 1                 270,503        270,763        269,274        265,534
1998 July 1                   270,248        270,509        269,027        265,292
1998 June 1                   270,023        270,287        268,815        265,085
1998 May 1                    269,814        270,078        268,601        264,877
1998 April 1                  269,622        269,886        268,403        264,683
1998 March 1                  269,436        269,699        268,208        264,492
1998 February 1               269,274        269,536        268,038        264,325
1998 January 1                269,118        269,379        267,885        264,175
1997 December 1               268,930        269,189        267,684        263,977
1997 November 1               268,750        269,009        267,500        263,796
1997 October 1                268,540        268,799        267,281        263,584
1997 September 1              268,301        268,563        267,041        263,349
1997 August 1                 268,048        268,311        266,789        263,103
1997 July 1                   267,784        268,048        266,531        262,852
1997 June 1                   267,553        267,818        266,312        262,638
1997 May 1                    267,335        267,599        266,090        262,421
1997 April 1                  267,131        267,396        265,880        262,216
1997 March 1                  266,924        267,190        265,666        262,006
1997 February 1               266,741        267,007        265,477        261,820
1997 January 1                266,574        266,840        265,310        261,655
1996 December 1               266,398        266,664        265,122        261,469
1996 November 1               266,208        266,475        264,931        261,283
1996 October 1                265,969        266,237        264,687        261,044
1996 September 1              265,729        265,998        264,441        260,804
1996 August 1                 265,478        265,750        264,188        260,557
1996 July 1                   265,229        265,502        263,943        260,318
1996 June 1                   265,004        265,278        263,727        260,107
1996 May 1                    264,787        265,059        263,502        259,888
1996 April 1                  264,591        264,861        263,296        259,686
1996 March 1                  264,391        264,662        263,091        259,484
1996 February 1               264,214        264,486        262,910        259,307
1996 January 1                264,061        264,331        262,753        259,151
1995 December 1               263,909        264,180        262,592        258,993
1995 November 1               263,736        264,008        262,414        258,818
1995 October 1                263,534        263,807        262,209        258,618
1995 September 1              263,285        263,559        261,945        258,360
1995 August 1                 263,034        263,310        261,693        258,114
1995 July 1                   262,803        263,082        261,452        257,879
1995 June 1                   262,571        262,852        261,223        257,656
1995 May 1                    262,356        262,637        261,003        257,441
1995 April 1                  262,167        262,450        260,807        257,250
1995 March 1                  261,962        262,247        260,597        257,043
1995 February 1               261,787        262,075        260,419        256,868
1995 January 1                261,615        261,906        260,249        256,702
1994 December 1               261,431        261,722        260,053        256,510
1994 November 1               261,238        261,533        259,856        256,317
1994 October 1                261,034        261,332        259,644        256,110
1994 September 1              260,802        261,104        259,399        255,871
1994 August 1                 260,562        260,868        259,154        255,632
1994 July 1                   260,327        260,637        258,915        255,400
1994 June 1                   260,098        260,408        258,691        255,179
1994 May 1                    259,878        260,190        258,465        254,957
1994 April 1                  259,686        259,998        258,263        254,758
1994 March 1                  259,460        259,777        258,032        254,530
1994 February 1               259,281        259,598        257,848        254,347
1994 January 1                259,131        259,450        257,698        254,197
1993 December 1               258,939        259,261        257,496        253,996
1993 November 1               258,743        259,067        257,294        253,797
1993 October 1                258,534        258,861        257,074        253,580
1993 September 1              258,289        258,619        256,823        253,334
1993 August 1                 258,041        258,374        256,569        253,084
1993 July 1                   257,783        258,119        256,310        252,830
1993 June 1                   257,542        257,882        256,078        252,601
1993 May 1                    257,311        257,654        255,842        252,370
1993 April 1                  257,096        257,441        255,618        252,149
1993 March 1                  256,888        257,235        255,402        251,934
1993 February 1               256,701        257,051        255,210        251,744
1993 January 1                256,516        256,866        255,014        251,550
1992 December 1               256,304        256,655        254,784        251,323
1992 November 1               256,091        256,443        254,565        251,107
1992 October 1                255,855        256,211        254,318        250,864
1992 September 1              255,591        255,952        254,030        250,582
1992 August 1                 255,320        255,692        253,742        250,299
1992 July 1                   255,030        255,410        253,445        250,007
1992 June 1                   254,769        255,158        253,191        249,757
1992 May 1                    254,511        254,909        252,932        249,503
1992 April 1                  254,263        254,670        252,680        249,255
1992 March 1                  254,020        254,435        252,434        249,013
1992 February 1               253,809        254,231        252,217        248,798
1992 January 1                253,620        254,051        252,028        248,612
1991 December 1               253,419        253,856        251,814        248,399
1991 November 1               253,214        253,662        251,607        248,195
1991 October 1                252,972        253,433        251,363        247,955
1991 September 1              252,703        253,181        251,084        247,681
1991 August 1                 252,423        252,921        250,805        247,408
1991 July 1                   252,153        252,665        250,542        247,150
1991 June 1                   251,910        252,436        250,319        246,931
1991 May 1                    251,574        252,200        250,069        246,686
1991 April 1                  251,298        251,986        249,844        246,465
1991 March 1                  251,082        251,772        249,627        246,251
1991 February 1               250,904        251,588        249,446        246,073
1991 January 1                250,718        251,399        249,266        245,895
1990 December 1               250,567        251,194        249,053        245,686
1990 November 1               250,394        250,969        248,832        245,468
1990 October 1                250,214        250,737        248,600        245,241
1990 September 1              249,964        250,484        248,342        244,987
1990 August 1                 249,712        250,226        248,070        244,721
1990 July 1                   249,464        249,973        247,824        244,481
1990 June 1                   249,231        249,743        247,604        244,265
1990 May 1                    249,000        249,513        247,368        244,034
1990 April 1                  248,791        249,306        247,151        243,821
1990 March 1                  248,495        249,012        246,837
1990 February 1               248,309        248,827        246,639
1990 January 1                248,143        248,659        246,464
1989 December 1               247,962        248,479        246,266
1989 November 1               247,764        248,281        246,064
1989 October 1                247,550        248,067        245,846
1989 September 1              247,299        247,816        245,591
1989 August 1                 247,053        247,573        245,352
1989 July 1                   246,819        247,342        245,131
1989 June 1                   246,591        247,114        244,924
1989 May 1                    246,384        246,906        244,717
1989 April 1                  246,199        246,721        244,525
1989 March 1                  246,009        246,530        244,327
1989 February 1               245,859        246,378        244,174
1989 January 1                245,705        246,224        244,022
1988 December 1               245,537        246,056        243,841
1988 November 1               245,364        245,884        243,668
1988 October 1                245,172        245,693        243,466
1988 September 1              244,942        245,464        243,246
1988 August 1                 244,717        245,240        243,025
1988 July 1                   244,499        245,021        242,817
1988 June 1                   244,286        244,806        242,622
1988 May 1                    244,093        244,610        242,420
1988 April 1                  243,925        244,445        242,220
1988 March 1                  243,758        244,279        242,034
1988 February 1               243,611        244,131        241,882
1988 January 1                243,462        243,981        241,732
1987 December 1               243,291        243,809        241,547
1987 November 1               243,123        243,639        241,377
1987 October 1                242,931        243,446        241,180
1987 September 1              242,708        243,223        240,958
1987 August 1                 242,496        243,012        240,745
1987 July 1                   242,289        242,804        240,550
1987 June 1                   242,095        242,608        240,369
1987 May 1                    241,910        242,423        240,181
1987 April 1                  241,740        242,252        239,998
1987 March 1                  241,566        242,079        239,822
1987 February 1               241,414        241,930        239,666
1987 January 1                241,267        241,784        239,525
1986 December 1               241,105        241,620        239,353
1986 November 1               240,952        241,467        239,203
1986 October 1                240,762        241,274        239,017
1986 September 1              240,556        241,068        238,813
1986 August 1                 240,340        240,854        238,601
1986 July 1                   240,133        240,651        238,412
1986 June 1                   239,937        240,459        238,234
1986 May 1                    239,746        240,271        238,037
1986 April 1                  239,568        240,094        237,855
1986 March 1                  239,402        239,928        237,689
1986 February 1               239,260        239,788        237,552
1986 January 1                239,109        239,638        237,410
1985 December 1               238,948        239,477        237,242
1985 November 1               238,778        239,307        237,072
1985 October 1                238,580        239,113        236,877
1985 September 1              238,363        238,898        236,650
1985 August 1                 238,139        238,679        236,421
1985 July 1                   237,924        238,466        236,219
1985 June 1                   237,729        238,270        236,044
1985 May 1                    237,537        238,074        235,849
1985 April 1                  237,365        237,900        235,673
1985 March 1                  237,198        237,732        235,507
1985 February 1               237,070        237,602        235,379
1985 January 1                236,938        237,468        235,255


1984
December 1               236,789        237,316        235,097
November 1               236,634        237,159        234,941
October 1                236,453        236,976        234,757
September 1              236,237        236,760        234,528
August 1                 236,026        236,549        234,309
July 1                   235,825        236,348        234,110
June 1                   235,635        236,160        233,938
May 1                    235,470        235,993        233,778
April 1                  235,317        235,839        233,622
March 1                  235,155        235,675        233,464
February 1               235,007        235,527        233,322
January 1                234,868        235,385        233,188


Note:  For more details about this table, see corresponding menu item "Sources
and Methods."

Monthly Estimates of the United States Population: April 1, 1980 to
July 1, 1999, with Short-Term Projections to November 1, 2000 - Cont.
(Numbers in thousands. Consistent with 1980 and 1990 population estimates
bases.)

Source:   Population Estimates Program, Population Division,
          U.S. Census Bureau, Washington, D.C. 20233
Contact:  Demographic Call Center Staff, 1-866-758-1060 
Internet Release Date: December 20, 2000.


                                       Resident
                                     Population                      Civilian
                                     Plus Armed                     Noninsti-
                        Resident         Forces       Civilian       tutional
                      Population       Overseas     Population     Population


1983
December 1               234,721        235,235        233,032
November 1               234,567        235,078        232,880
October 1                234,396        234,907        232,703
September 1              234,191        234,701        232,497
August 1                 233,988        234,501        232,290
July 1                   233,792        234,307        232,097
June 1                   233,600        234,118        231,922
May 1                    233,405        233,922        231,724
April 1                  233,263        233,781        231,578
March 1                  233,092        233,613        231,417
February 1               232,951        233,473        231,280
January 1                232,803        233,322        231,138


1982
December 1               232,641        233,160        230,970
November 1               232,475        232,993        230,806
October 1                232,297        232,816        230,636
September 1              232,079        232,599        230,409
August 1                 231,869        232,392        230,194
July 1                   231,664        232,188        229,995
June 1                   231,468        231,992        229,816
May 1                    231,288        231,809        229,633
April 1                  231,127        231,645        229,469
March 1                  230,954        231,470        229,293
February 1               230,798        231,313        229,143
January 1                230,645        231,157        229,000


1981
December 1               230,480        230,989        228,824
November 1               230,318        230,822        228,665
October 1                230,139        230,641        228,490
September 1              229,913        230,412        228,252
August 1                 229,685        230,187        228,024
July 1                   229,466        229,966        227,818

Note:  For more details about this table, see corresponding menu item "Sources
and Methods."

Monthly Estimates of the United States Population: April 1, 1980 to
July 1, 1999, with Short-Term Projections to November 1, 2000 - Cont.
(Numbers in thousands. Consistent with 1980 and 1990 population estimates
bases.)

Source:   Population Estimates Program, Population Division,
          U.S. Census Bureau, Washington, D.C. 20233
Contact:  Demographic Call Center Staff, 1-866-758-1060 
Internet Release Date: December 20, 2000.


                                       Resident
                                     Population                      Civilian
                                     Plus Armed                     Noninsti-
                        Resident         Forces       Civilian       tutional
                      Population       Overseas     Population     Population


1981 (cont.)
June 1                   229,260        229,761        227,630
May 1                    229,077        229,575        227,449
April 1                  228,906        229,403        227,274
March 1                  228,730        229,224        227,096
February 1               228,578        229,071        226,949
January 1                228,446        228,937        226,821


1980
December 1               228,289        228,779        226,655
November 1               228,122        228,612        226,491
October 1                227,924        228,417        226,298
September 1              227,690        228,186        226,067
August 1                 227,453        227,953        225,837
July 1                   227,225        227,726        225,621
June 1                   227,016        227,522        225,429
May 1                    226,740        227,251        225,162
April 1 (census)         226,546        227,061        224,968


Note:  For more details about this table, see corresponding menu item "Sources
and Methods."